41456 28496038
41457 17386593
41459 12589021
41460 44368940
41461 09789432
41462 93856171
41463 56687021
41464 67382175
41465 77788888
41466 43869183
41467 48691733
41468 48576912
41469 32869874
41470 68790391
41471 34857636
41472 80973612
41473 37650293
41474 09834615
41475 76849183
41476 89898768
41477 32880687
41478 20978987
41479 25098436
41480 21589326
41481 67680938
41482 90981763
41483 33109853
41484 88888888
41485 20195839
41486 38690398
41487 10298578
41488 29109829
41489 76884920
41490 21098583
41491 20198592
41492 09867849
41493 21098583
41494 67878787
41495 65728192